       N       E                     dE             d eps       ncg     rms          rms(c)
DAV:   1    -0.707236149646E+02   -0.70724E+02   -0.23523E-05 10992   0.784E-02    0.123E-02
RMM:   2    -0.707236233733E+02   -0.84087E-05   -0.48672E-05 10478   0.357E-02    0.249E-02
RMM:   3    -0.707236114033E+02    0.11970E-04   -0.22940E-05  9784   0.252E-02    0.290E-03
RMM:   4    -0.707236113841E+02    0.19238E-07   -0.41697E-07  5629   0.301E-03
   1 F= -.70723611E+02 E0= -.70723113E+02  d E =-.997558E-03
